Application parameters:
  intersection-cuts  =>  true
  batch  =>  nothing
  subcycle-separation  =>  false
  instance  =>  "data/campinas-random-more-components/1.sbrp"
  arcs-mtz  =>  false
  brkga  =>  false
  dd  =>  false
  unitary-profits  =>  false
  out  =>  "solutions/complete_campinas-random-more-components1"
  instance-type  =>  "matheus"
  y-integer  =>  false
  vehicle-time-limit  =>  "120"
  normal  =>  true
  nosolve  =>  false
  complete  =>  false
  brkga-conf  =>  "conf/config.conf"
  no-one-degree-path  =>  false
Reading arcs
Reading nodes
Reading blocks
Checking feasibility
3647664910
3933399263
3647664902
2657136818
3646939642
1627423291
3646939638
2056632347
8444362609
1627423296
2657136819
3646939641
3253555507
3646939639
2056632345
8444362610
2056632349
3647664903
1621343418
3253554008
3648260533
3647664909
1552927704
7279756968
Checking complete graph
3647664910
3933399263
3647664902
2657136818
3646939642
1627423291
3646939638
2056632347
8444362609
1627423296
2657136819
3646939641
3253555507
3646939639
2056632345
8444362610
2056632349
3647664903
1621343418
3253554008
3648260533
3647664909
1552927704
7279756968
3647664910
3933399263
3647664902
2657136818
3646939642
1627423291
3646939638
2056632347
8444362609
1627423296
2657136819
3646939641
3253555507
3646939639
2056632345
8444362610
2056632349
3647664903
1621343418
3253554008
3648260533
3647664909
1552927704
7279756968
3647664910
3933399263
3647664902
2657136818
3646939642
1627423291
3646939638
2056632347
8444362609
1627423296
2657136819
3646939641
3253555507
3646939639
2056632345
8444362610
2056632349
3647664903
1621343418
3253554008
3648260533
3647664909
1552927704
7279756968
3647664910
3933399263
3647664902
2657136818
3646939642
1627423291
3646939638
2056632347
8444362609
1627423296
2657136819
3646939641
3253555507
3646939639
2056632345
8444362610
2056632349
3647664903
1621343418
3253554008
3648260533
3647664909
1552927704
7279756968
3647664910
3933399263
3647664902
2657136818
3646939642
1627423291
3646939638
2056632347
8444362609
1627423296
2657136819
3646939641
3253555507
3646939639
2056632345
8444362610
2056632349
3647664903
1621343418
3253554008
3648260533
3647664909
1552927704
7279756968
3647664910
3933399263
3647664902
2657136818
3646939642
1627423291
3646939638
2056632347
8444362609
1627423296
2657136819
3646939641
3253555507
3646939639
2056632345
8444362610
2056632349
3647664903
1621343418
3253554008
3648260533
3647664909
1552927704
7279756968
3647664910
3933399263
3647664902
2657136818
3646939642
1627423291
3646939638
2056632347
8444362609
1627423296
2657136819
3646939641
3253555507
3646939639
2056632345
8444362610
2056632349
3647664903
1621343418
3253554008
3648260533
3647664909
1552927704
7279756968
|B| = 5
|V| = 454
|A| = 986
|V′| = 25
|A′| = 600
|V″| = 98
|A″| = 274
###################SBRP MAX#############################
Getting initial relaxation
Getting initial relaxation with y as integer
1
1
1
4
4
2
1
1
1
1
1
1
1
1
1
2
2
1
2
1
1
2
1
1
1
6
6
6
6
2
4
4
4
4
2
2
2
2
29
29
29
29
2
2
2
2
2
2
2
2
1
2
2
2
2
1
1
8
8
8
8
8
8
8
8
3
3
3
242
242
242
242
3
3
3
3
27
27
27
2
5
5
5
5
5
1
242
242
242
28
28
28
28
3
2
2
2
2
2
3
3
244
244
244
244
17
17
17
17
29
29
29
29
9
9
9
9
9
9
9
9
216
2
2
216
4
4
4
4
2
5
5
5
10
10
10
10
10
10
10
10
3
2
2
1
3
218
218
218
218
7
2
2
7
238
238
238
238
238
238
238
238
238
238
238
238
2
2
2
2
27
27
2
9
9
9
9
9
9
9
9
2
4
4
4
4
211
211
211
211
18
18
18
18
6
6
6
6
6
6
6
6
6
32
32
32
32
9
9
9
9
9
9
9
9
211
211
211
211
19
19
19
19
29
29
29
29
12
12
4
4
12
12
12
12
3
4
5
6
7
46
46
46
46
4
4
4
4
51
51
51
51
51
51
51
51
47
47
47
47
3
3
4
3
4
4
5
2
19
19
19
19
7
7
7
7
297
297
297
297
297
297
297
297
6
6
6
8
8
6
6
6
6
19
19
19
4
5
6
19
5
3
3
5
6
7
2
17
4
4
3
5
5
8
4
18
19
20
19
11
11
11
11
11
11
11
11
11
11
11
11
9
9
9
9
9
6
4
4
6
18
19
20
19
10
10
10
10
16
16
16
16
16
16
16
16
10
10
10
10
10
9
9
9
9
29
29
29
29
12
12
12
12
12
12
12
12
6
6
6
6
20
6
6
5
3
7
9
4
19
2
4
4
10
7
7
7
7
12
12
12
12
12
12
12
12
7
7
7
7
6
6
6
6
10
10
10
10
10
10
10
10
6
6
6
6
26
6
26
4
4
9
11
27
5
7
27
28
7
28
5
10
10
10
10
11
11
11
11
11
11
11
11
32
32
32
32
18
19
20
19
7
7
7
7
12
12
12
12
12
12
12
12
11
11
11
11
11
6
6
6
6
29
7
29
6
6
5
8
28
6
27
5
27
27
7
19
5
9
9
9
30
6
30
8
20
8
5
9
31
8
31
10
32
9
32
12
7
7
31
10
8
6
32
11
6
9
12
9
10
13
13
11
11
11
11
12
12
12
12
12
12
12
12
9
9
9
9
3
10
14
5
6
6
11
15
6
6
6
8
12
12
12
12
12
14
10
12
15
11
6
6
6
12
6
6
7
3
9
9
9
9
16
11
4
5
3
3
3
13
11
7
9
9
9
9
14
11
6
9
9
9
9
32
12
6
10
10
10
10
26
12
12
11
14
8
5
10
15
2
8
8
8
8
12
12
12
12
12
12
12
12
8
8
8
8
5
5
5
5
8
8
8
8
11
11
11
11
11
11
11
11
16
16
16
16
16
2
2
4
12
14
11
13
14
14
13
12
15
15
14
14
15
16
18
5
16
15
14
14
17
16
12
13
16
17
14
15
17
16
15
13
16
17
18
14
14
18
15
15
17
17
19
6
17
38
38
16
17
15
12
15
18
19
22
14
19
35
35
15
18
20
18
15
18
19
16
15
18
41
41
7
18
16
22
17
19
45
45
8
20
17
14
18
19
45
45
16
19
39
39
9
19
15
17
17
21
40
40
16
19
18
17
17
18
19
13
15
20
48
48
19
20
34
34
16
22
20
17
18
23
19
21
22
20
47
47
23
20
52
52
16
20
47
47
15
21
40
40
18
20
24
19
16
21
49
49
17
21
47
47
16
21
54
54
7
7
7
7
12
12
12
12
12
12
12
12
7
7
7
7
8
8
8
8
12
12
12
12
12
12
12
12
9
9
9
9
9
9
9
9
11
11
11
11
11
11
11
11
8
8
8
8
9
9
9
9
12
12
12
12
12
12
12
12
13
13
13
13
8
8
8
8
19
19
19
19
19
19
19
19
9
9
9
9
8
8
8
8
15
15
15
15
15
15
15
15
3
3
3
8
8
8
8
11
11
11
11
12
12
12
12
12
12
12
12
7
7
7
7
16
16
16
16
16
16
16
16
16
16
16
16
14
14
14
14
9
9
9
9
13
13
13
13
13
13
13
13
9
9
9
9
11
11
11
11
13
13
13
13
13
13
13
13
9
9
9
9
6
6
6
6
12
12
12
12
10
10
10
10
10
10
10
10
17
17
17
17
17
21
21
21
21
12
12
12
12
12
12
12
12
8
8
8
8
7
7
7
7
19
19
19
19
15
15
15
15
15
15
15
15
15
15
15
15
15
10
10
10
7
6
6
6
6
9
9
9
9
3
10
10
10
4
4
4
3
7
7
7
7
8
8
8
8
5
3
3
4
4
4
4
5
10
10
10
10
13
13
13
13
14
14
14
14
14
14
14
14
14
14
14
14
13
13
13
13
17
17
17
17
17
17
17
17
11
11
11
11
18
9
7
8
16
10
8
9
19
11
7
10
20
11
8
11
18
14
7
12
21
14
9
13
24
16
9
14
23
16
6
15
19
12
11
16
18
15
7
17
16
17
10
18
21
18
10
19
20
16
12
20
22
17
9
21
17
15
13
22
17
18
17
23
23
18
19
24
16
21
24
25
17
10
14
26
23
12
16
27
20
13
27
28
19
13
15
29
18
11
17
30
18
9
16
31
22
11
17
32
19
7
27
33
19
14
15
34
20
12
16
35
17
14
27
36
21
13
29
37
27
15
16
38
18
14
33
39
20
10
17
40
21
12
34
41
28
11
28
42
27
12
28
43
22
12
35
44
15
18
17
45
15
18
29
46
18
20
29
47
24
13
18
48
29
15
17
49
28
16
36
50
24
17
30
51
7
7
7
7
15
12
9
9
9
8
42
42
6
6
6
9
48
48
10
10
10
10
58
58
10
10
10
11
52
52
6
6
6
12
49
49
11
11
11
13
50
50
6
6
6
14
18
14
15
7
18
9
16
8
30
10
17
8
18
11
18
9
18
12
18
7
31
13
19
7
36
14
20
8
33
15
19
8
37
14
19
9
32
15
7
9
18
52
8
10
32
53
11
9
31
54
8
9
37
55
9
10
33
56
8
11
38
57
8
11
32
58
8
10
33
59
8
12
33
60
10
8
38
61
7
10
34
62
11
9
19
63
9
13
34
64
9
12
39
65
7
14
34
66
9
11
36
67
9
10
19
68
9
15
35
69
9
16
40
70
10
11
35
71
27
20
20
27
33
21
21
33
34
21
21
34
29
22
22
29
35
22
22
35
36
23
23
36
31
23
23
31
37
24
24
37
21
25
25
21
38
24
24
38
33
26
26
33
39
27
27
39
22
12
22
10
34
21
10
34
40
23
11
40
35
21
12
35
41
22
11
41
42
24
11
42
24
23
13
19
37
22
13
37
43
22
11
43
25
22
12
20
38
24
13
38
44
22
14
44
46
23
12
46
39
24
13
39
40
24
13
40
41
25
12
41
26
14
25
17
45
24
12
45
45
25
15
45
20
9
20
15
20
25
40
25
72
72
44
72
33
18
41
33
20
14
45
13
67
67
46
67
21
36
45
36
21
26
41
26
44
14
46
44
34
19
42
34
24
12
43
21
25
52
48
52
26
47
48
47
23
90
44
90
25
55
47
55
29
48
49
48
25
56
49
56
27
26
44
26
31
53
45
53
27
58
44
58
25
25
16
38
38
21
26
26
17
39
39
18
40
40
18
26
26
15
38
38
19
41
41
23
38
38
19
38
38
23
26
13
36
48
18
42
42
26
47
47
24
25
8
8
10
33
27
7
7
11
16
28
9
9
11
29
29
34
34
34
17
30
35
35
35
18
25
9
9
12
19
29
36
36
36
16
50
50
44
50
78
78
46
78
51
51
50
51
71
71
47
71
69
69
45
69
78
78
46
78
64
64
51
64
75
75
50
75
65
65
46
65
69
69
45
69
72
72
52
72
88
88
46
88
70
70
48
70
66
66
49
66
74
74
51
74
12
14
8
8
10
17
7
7
10
29
9
9
14
15
10
10
26
26
11
11
11
15
6
6
43
10
17
43
44
23
23
44
46
29
29
46
47
28
28
47
31
33
33
20
49
33
33
49
45
30
30
45
54
30
30
54
50
37
37
50
51
36
36
51
46
32
32
46
32
23
13
27
33
23
58
58
34
23
65
65
27
25
74
74
35
24
65
65
36
33
60
60
33
24
56
56
37
26
62
62
38
25
63
63
27
24
44
44
36
26
91
91
31
25
74
74
39
25
66
66
40
26
37
37
32
27
72
72
41
29
64
64
42
35
32
40
28
29
66
66
34
34
56
56
28
25
71
71
43
26
49
49
37
30
39
39
40
30
63
63
44
31
60
60
45
31
72
72
32
38
66
66
38
29
63
63
46
36
81
81
26
19
19
72
32
20
50
73
26
26
21
74
34
34
47
75
29
32
28
76
41
49
49
77
29
50
50
78
33
62
62
79
39
33
17
80
36
65
65
81
38
59
59
82
46
50
50
83
36
50
50
84
45
64
64
85
39
64
64
86
30
63
63
87
137
62
62
137
47
76
76
88
21
19
19
22
20
20
21
20
16
22
17
21
21
18
17
23
16
18
22
21
22
44
17
44
24
21
20
45
22
45
22
22
18
51
22
51
51
23
51
22
13
19
23
18
20
58
16
58
59
18
59
59
24
59
53
19
53
57
23
57
60
19
60
61
23
61
47
60
22
47
23
22
25
23
52
23
52
20
50
20
50
48
60
18
64
60
47
61
20
69
61
62
20
62
61
21
61
62
19
62
48
63
24
70
63
61
24
61
29
20
19
28
22
20
62
24
62
63
21
63
49
63
25
65
63
61
23
61
63
21
63
48
47
26
64
16
49
64
24
67
64
62
25
62
63
25
63
30
26
21
35
26
39
39
37
88
88
88
38
93
93
93
38
93
93
93
25
27
52
21
65
24
48
65
62
26
53
62
64
20
54
64
21
21
55
16
22
22
54
54
23
23
55
53
24
24
50
54
25
25
56
19
26
26
51
50
27
27
51
49
28
28
51
33
29
29
52
20
30
30
50
59
31
31
53
20
32
32
57
21
33
33
56
22
35
35
52
51
34
34
57
59
36
36
54
48
37
37
55
52
38
38
53
49
39
39
52
36
40
40
58
45
41
41
59
39
61
61
64
61
94
94
57
94
43
43
52
35
88
88
58
88
42
42
59
21
79
79
54
79
54
54
60
24
74
74
60
74
48
48
58
40
77
77
55
77
88
88
59
88
99
99
62
99
62
62
55
62
44
44
62
59
80
80
56
80
90
90
61
90
64
64
62
64
91
91
63
91
81
81
61
81
72
72
63
72
99
99
65
99
89
89
62
89
21
26
21
26
28
23
58
18
17
41
64
41
31
49
62
49
30
70
57
70
18
25
22
15
86
86
65
86
92
92
64
92
89
89
63
89
23
34
64
34
31
32
63
32
19
35
59
35
90
90
63
90
99
99
65
99
98
98
67
98
77
77
64
77
106
106
65
106
105
105
71
105
102
102
64
102
103
103
66
103
86
86
67
86
91
91
66
91
96
96
68
96
92
92
64
92
93
93
62
93
39
18
67
39
34
13
65
34
34
14
66
34
78
78
65
78
36
12
76
36
35
13
66
35
35
13
66
35
46
29
76
46
52
15
66
52
36
21
70
36
36
17
71
36
86
86
71
86
37
18
65
37
34
16
75
34
84
84
69
84
63
29
72
63
54
22
67
54
89
89
66
89
35
23
67
35
87
87
68
87
40
14
68
40
38
24
76
38
55
14
70
55
87
87
71
87
92
92
68
92
92
92
71
92
93
93
67
93
37
26
76
37
60
16
67
60
87
87
71
87
96
96
69
96
87
87
69
87
53
21
78
53
93
93
80
93
93
93
68
93
56
13
70
56
97
97
69
97
67
21
78
67
96
96
76
96
65
18
71
65
85
85
77
85
53
24
20
53
55
29
17
55
46
46
72
24
46
46
70
27
39
27
27
28
41
30
30
66
50
24
24
23
42
29
29
63
41
36
13
36
36
85
85
85
47
106
106
106
49
90
90
90
49
105
105
105
39
93
93
93
37
106
106
106
38
108
108
108
48
96
96
96
50
97
97
97
50
97
97
97
42
61
18
61
39
57
22
57
51
93
93
93
39
103
103
103
44
86
86
86
51
89
89
89
42
61
35
61
45
87
87
87
50
46
15
46
38
94
94
94
43
85
85
85
50
50
46
50
52
56
30
56
50
104
104
104
39
73
14
73
51
114
114
114
52
112
112
112
47
115
115
115
49
119
119
119
40
115
115
115
51
118
118
118
48
116
116
116
51
111
111
111
51
59
59
59
44
123
123
123
14
26
26
21
38
25
25
20
38
36
20
38
81
81
83
81
94
94
68
94
97
97
76
97
26
16
69
27
56
10
31
56
57
29
29
57
58
30
30
58
59
27
27
59
54
32
32
54
60
27
27
60
55
31
31
55
61
34
34
61
62
34
34
62
57
33
33
57
58
28
28
58
59
28
28
59
63
33
33
63
64
53
53
64
65
33
33
65
60
29
29
60
66
50
50
66
70
29
29
70
61
57
57
61
67
39
39
67
68
38
38
68
72
36
36
72
68
42
42
68
70
31
31
70
65
42
42
65
65
39
39
65
69
30
30
69
66
33
33
66
28
28
70
19
28
28
84
20
26
26
82
27
27
27
71
26
27
27
79
31
31
31
80
32
32
32
79
29
25
25
70
19
34
34
72
33
30
30
81
31
29
29
71
27
28
28
78
42
29
29
82
26
29
29
70
27
31
31
74
32
27
27
73
27
30
30
87
29
27
27
146
146
28
28
147
147
29
29
148
148
29
29
147
147
30
30
149
149
31
31
150
150
31
31
148
148
32
32
147
147
33
33
153
153
34
34
148
148
36
36
154
154
37
37
148
148
35
35
149
149
38
38
151
151
39
39
149
149
36
36
154
154
37
37
152
152
12
98
68
98
40
40
71
40
49
49
78
49
65
65
71
65
11
28
72
28
50
50
80
50
50
50
80
50
52
52
79
52
10
29
73
29
95
95
87
95
11
37
78
37
29
30
27
25
52
32
41
41
9
21
75
22
48
48
74
48
66
66
89
66
68
68
83
68
71
71
68
71
58
58
75
58
87
87
76
87
69
69
77
69
76
76
77
76
72
72
71
72
85
85
93
85
81
81
81
81
88
88
91
88
85
85
92
85
71
71
78
71
47
47
151
151
41
14
149
149
50
50
153
153
134
54
54
134
135
40
40
135
133
26
26
133
134
27
27
134
136
31
31
136
134
40
40
134
137
29
29
137
138
27
27
138
139
30
30
139
135
56
56
135
140
57
57
140
136
57
57
136
141
42
42
141
142
55
55
142
135
45
45
135
71
31
28
71
72
33
16
72
71
34
15
71
66
49
49
66
67
34
17
67
67
50
50
67
72
32
16
72
49
31
31
45
55
50
50
50
49
109
109
109
49
51
51
51
48
34
34
58
56
33
33
24
57
66
66
66
58
85
85
85
56
101
101
101
51
120
120
120
57
28
28
26
52
124
124
124
52
113
113
113
58
31
31
28
59
68
68
68
58
70
70
70
61
59
59
59
53
104
104
104
59
52
52
52
62
115
115
115
60
45
45
52
60
107
107
107
60
98
98
98
69
73
73
73
68
60
60
60
50
32
32
23
60
105
105
105
66
91
91
91
55
94
94
94
50
109
109
109
61
112
112
112
72
34
34
61
37
19
71
20
85
85
73
85
93
93
75
93
98
98
76
98
99
99
79
99
111
111
76
111
113
113
77
113
120
120
96
120
93
93
78
93
100
100
79
100
85
85
91
85
110
110
84
110
100
100
99
100
109
109
80
109
109
109
73
109
62
56
29
56
51
73
73
73
64
74
74
74
54
66
66
66
63
74
74
74
62
65
65
65
51
74
74
74
40
43
22
43
61
61
61
61
60
56
56
56
73
62
62
62
51
62
62
62
73
64
64
64
66
64
64
64
64
63
63
63
52
63
63
63
52
72
72
72
61
71
71
71
75
74
74
74
58
68
68
68
65
79
79
79
63
64
64
64
67
82
82
82
58
84
84
84
71
84
84
84
69
97
97
97
73
82
82
82
76
83
83
83
70
84
84
84
78
79
79
79
74
62
62
62
69
95
95
95
77
94
94
94
79
67
67
67
78
80
80
80
51
80
80
80
62
66
66
66
68
86
86
86
83
87
87
87
82
71
71
71
23
23
83
15
96
96
77
96
57
15
76
57
56
17
81
56
63
22
83
63
81
81
78
81
94
94
87
94
94
94
82
94
82
82
79
82
107
107
80
107
80
80
82
80
58
17
83
58
109
109
81
109
93
93
79
93
65
38
30
65
65
75
75
65
23
42
84
42
78
78
98
78
89
89
103
89
88
88
103
88
79
79
90
79
23
52
69
52
89
89
82
89
90
90
101
90
79
79
90
79
89
89
92
89
88
88
94
88
49
49
75
50
96
96
105
96
105
105
104
105
48
48
100
34
88
88
103
88
103
103
99
103
100
100
83
100
98
98
84
98
93
93
107
93
112
112
70
112
107
107
85
107
109
109
86
109
108
108
87
108
51
51
85
42
109
109
101
109
109
109
80
109
115
115
88
115
107
107
101
107
104
104
112
104
110
110
112
110
58
58
99
44
50
50
89
22
119
119
114
119
121
121
92
121
114
114
94
114
116
116
75
116
119
119
100
119
61
61
87
61
35
43
112
43
36
21
21
21
14
14
26
8
8
8
12
12
28
9
9
9
5
5
27
10
10
10
15
15
60
16
16
16
60
60
29
8
8
8
13
13
26
9
9
9
16
16
26
11
11
11
15
15
45
8
8
8
45
45
55
54
54
21
66
70
70
70
67
72
72
72
66
69
69
69
68
74
74
74
88
82
82
82
69
66
66
66
63
101
101
101
70
65
65
65
71
70
70
70
75
88
88
88
75
107
107
107
65
71
71
71
87
103
103
103
73
107
107
107
46
46
149
149
59
59
150
150
67
67
154
154
77
56
56
29
83
58
58
34
76
103
103
103
68
65
16
65
84
108
108
108
82
117
117
117
90
56
56
40
72
110
110
110
73
120
120
120
69
66
17
66
82
61
61
46
70
110
110
110
98
109
109
109
92
126
126
126
80
121
121
121
74
114
114
114
97
111
111
111
72
67
24
67
94
125
125
125
98
111
111
111
75
134
134
134
73
114
114
114
91
119
119
119
86
117
117
117
96
130
130
130
89
107
107
107
76
114
114
114
77
113
113
113
73
120
120
120
136
38
38
136
143
40
40
143
144
41
41
144
137
39
39
137
145
42
42
145
136
40
40
136
135
43
43
135
139
41
41
139
135
44
44
135
146
42
42
146
147
43
43
147
138
44
44
138
148
45
45
148
141
45
45
141
149
45
45
149
141
45
45
141
139
46
46
139
143
47
47
143
150
48
48
150
136
47
47
136
137
48
48
137
136
46
46
136
138
47
47
138
151
46
46
151
140
49
49
140
142
51
51
142
137
49
49
137
142
49
49
142
144
51
51
144
143
51
51
143
78
43
22
20
66
72
72
72
87
73
73
73
94
64
64
64
74
52
14
52
91
73
73
73
71
73
73
73
93
70
70
70
108
73
73
73
96
74
74
74
77
71
71
71
79
70
70
70
99
86
86
86
80
73
73
73
75
86
86
86
111
66
66
66
72
79
79
79
74
47
14
74
66
67
67
66
68
51
51
68
68
55
55
68
66
52
52
66
80
52
52
80
48
30
69
30
117
117
93
117
94
94
95
94
89
89
90
89
74
74
102
74
76
76
97
76
65
49
49
65
67
50
50
67
66
54
54
66
69
56
56
69
70
58
58
70
70
58
58
70
67
61
61
67
77
52
52
77
81
56
56
81
69
54
54
69
75
49
49
75
84
65
65
84
65
11
52
52
100
63
63
63
102
53
53
53
78
78
78
78
80
54
54
54
81
77
77
77
78
83
83
83
86
76
76
76
104
74
74
74
100
101
101
101
75
100
100
100
44
8
8
92
44
62
8
8
87
62
69
9
9
113
69
66
10
10
117
66
56
11
11
100
56
57
8
8
100
57
83
7
7
79
83
78
7
7
97
78
57
7
7
105
57
79
8
8
114
79
69
9
9
101
69
76
10
10
88
76
83
7
7
90
83
54
9
9
111
54
69
12
12
84
69
81
81
81
113
81
79
8
8
88
79
88
16
16
109
88
83
83
83
87
83
85
9
9
87
85
48
19
19
80
48
88
8
8
118
88
50
11
11
125
50
68
9
9
91
68
105
105
105
112
105
92
92
92
117
92
65
9
9
91
65
84
84
84
107
84
78
17
17
115
78
93
9
9
91
93
90
10
10
107
90
85
85
85
102
85
78
17
17
96
78
94
94
94
92
94
77
54
54
77
70
57
57
70
72
63
63
72
79
51
51
79
55
23
7
23
92
65
17
65
79
66
11
66
82
69
23
69
77
66
13
66
110
66
25
66
83
67
18
67
112
72
17
72
106
66
13
66
105
68
19
68
109
66
22
66
79
70
19
70
84
68
20
68
100
77
77
77
78
72
8
72
24
36
93
27
98
98
90
98
24
62
131
62
106
106
94
106
99
99
93
99
24
63
104
63
73
44
7
73
71
48
48
71
72
49
49
72
67
49
49
67
80
49
49
80
67
49
49
67
78
49
49
78
74
49
49
74
72
50
50
72
68
52
52
68
80
50
50
80
69
50
50
69
71
56
56
71
73
49
49
73
81
53
53
81
74
55
55
74
68
50
50
68
75
53
53
75
73
77
77
73
71
57
57
71
86
51
51
86
77
51
51
77
71
51
51
71
81
53
53
81
67
52
52
67
70
53
53
70
89
58
58
89
76
51
51
76
76
51
51
76
79
55
55
79
74
67
67
74
78
53
53
78
75
53
53
75
42
13
89
42
75
75
94
75
12
49
131
49
68
45
45
68
85
52
52
85
71
49
49
71
72
55
55
72
78
51
51
78
72
84
84
72
88
78
78
88
78
51
51
78
83
79
79
83
77
51
51
77
78
56
56
78
76
85
85
76
81
70
70
81
80
95
95
80
22
51
51
22
73
53
53
73
82
53
53
82
96
52
52
96
82
52
52
82
77
56
56
77
79
57
57
79
84
50
50
84
80
55
55
80
