Application parameters:
  intersection-cuts  =>  true
  batch  =>  nothing
  subcycle-separation  =>  false
  instance  =>  "data/campinas-random/49.sbrp"
  ip  =>  true
  arcs-mtz  =>  false
  brkga  =>  false
  dd  =>  false
  unitary-profits  =>  true
  out  =>  "solutions/complete_campinas-random-unitary49"
  y-integer  =>  false
  vehicle-time-limit  =>  "120"
  nosolve  =>  false
  brkga-conf  =>  "conf/config.conf"
Reading arcs
Reading nodes
Reading blocks
Checking feasibility
1619330846
1553111936
1621757808
3646938478
3646950069
8653361865
3646932011
1552927711
1553068560
5182288252
7291461427
1619363955
5182288238
2662733314
1619363984
3646926884
3646938433
1554715155
3646938480
1550929783
3646926878
1553111975
1553035241
1619363994
1550929866
7279756982
1621757914
1553068597
1552927707
1553035221
1553068477
2657136831
5182288231
1277671221
1619363748
1277671188
3480028985
2657136824
1619363848
1553068592
1619381034
3646926881
2056632338
1553034956
1621461863
7292135231
1619363806
1553119564
3646938476
2657136804
1552927691
3646926890
1621451920
7292135193
2657136803
1621757805
3646939618
7292377312
7279756983
2662733309
1619363922
3646932123
1553111969
3646938491
3646932008
3647664901
1552927721
3480007726
3480005787
3647664897
3646926879
1552927684
1621757798
7291461417
8201089021
7309054231
1553112032
3646939606
1621776482
1553035144
2657136828
7292135253
3646926885
1621451953
1553035176
1277671259
1984069173
1553111976
3646950081
3646932121
1277671261
1553111893
5182288251
1277671190
1553068465
3480005786
1552927724
5182288239
3646939594
1621451917
6868062255
7279756980
3646938473
1553111962
2056632337
8633082954
3646938479
1621757784
2056632350
1553111993
1553111890
1619363941
1554751470
7292135230
5182288233
3646932009
1621451972
1619363803
1553068492
1621757827
1550929788
1621757833
8630078339
1550929869
2657136825
2662733315
5182288230
2657136802
1619363953
8288267330
1553112011
1553068463
2662733310
1553068595
7292135228
2657136822
1553068531
1554751681
1621757837
1553068519
7291507077
2657136826
6226273627
1619363739
1553111921
1277671173
1553133824
8652302879
1619363990
1553111896
1621451885
3646939596
3646950079
1621461843
5182288241
2056632349
1621461884
1621757829
1550929843
7292377307
1553111923
3646939605
1553111968
8156986309
1621757894
1552927688
1553034924
2025981920
1621757875
2657136815
1553133832
1553133829
1550929798
2657136832
2025981915
1553035072
3646939593
1553133820
1553112017
1619330812
2056632336
1553111974
1553068588
1619363795
6224223243
1552927708
1553068507
2657136829
2662733307
1550929809
1552927693
3647664899
1553068496
1553111870
3647664898
6868062257
7292135229
1553119565
1553068553
1621757835
1553119526
3646950061
7279762285
3646938474
7292135255
1550929829
1553068516
1550929863
1619330828
3646926880
1621757910
7292135252
5182288240
7303939157
8288267331
3646938462
1553119567
2657136823
1621757810
1554751733
1553111908
1552927709
1621757793
2657136821
1621451951
1553133834
1553111881
1553035069
2657136817
5539086176
1621757895
5182288242
1619363917
1552927696
7285487247
3646950068
3646938437
1553068461
5182288244
2025981913
7285606736
1553035134
3646938475
1553111932
1553068552
3646926889
1553068510
2662733308
7285487248
1984069170
5182288236
7292135258
1552927680
1553068522
7279756984
1621757865
1553133819
7279756981
1551040538
1550929816
1619363736
2662733306
1552927679
1550929865
1552927700
2657136830
2657136805
6868062252
1553068520
2056632343
1621757803
1553133818
1619363808
2657136813
7291461418
1553068483
6868062256
2056632342
3646938492
3647664900
1619330799
7279756967
1550929785
7292135194
1553119552
3646938477
3480028984
7292135232
3646932117
1553111918
1552927695
3646926882
7279762286
1550929856
1550929820
3646938490
2657136827
3646926886
1619363828
5182288232
1553119551
3646938434
3646926883
1277671168
3646938461
8653268002
7292377313
1277671287
1552927692
1619363836
1552927685
2025981914
1550929787
3480005788
3646939620
1550929827
1277671298
1553034991
3646939595
1552927719
1553112028
6199946417
7292135227
1553119560
3480028986
1550929775
1554751714
7292135226
3646903540
1621757927
5182288237
7292135192
1550929876
8653361866
1554751520
1619363811
1550929793
3480005789
3480005790
3480007694
1553068558
6868062254
1621757840
1550929868
5182288235
7291461416
8633082963
3646938464
1552927716
7292377308
7291648520
3646950062
6868062258
3646886611
3646939597
1550929853
1550929808
1553111972
Checking complete graph
1619330846
1553111936
1621757808
3646938478
3646950069
8653361865
3646932011
1552927711
1553068560
5182288252
7291461427
1619363955
5182288238
2662733314
1619363984
3646926884
3646938433
1554715155
3646938480
1550929783
3646926878
1553111975
1553035241
1619363994
1550929866
7279756982
1621757914
1553068597
1552927707
1553035221
1553068477
2657136831
5182288231
1277671221
1619363748
1277671188
3480028985
2657136824
1619363848
1553068592
1619381034
3646926881
2056632338
1553034956
1621461863
7292135231
1619363806
1553119564
3646938476
2657136804
1552927691
3646926890
1621451920
7292135193
2657136803
1621757805
3646939618
7292377312
7279756983
2662733309
1619363922
3646932123
1553111969
3646938491
3646932008
3647664901
1552927721
3480007726
3480005787
3647664897
3646926879
1552927684
1621757798
7291461417
8201089021
7309054231
1553112032
3646939606
1621776482
1553035144
2657136828
7292135253
3646926885
1621451953
1553035176
1277671259
1984069173
1553111976
3646950081
3646932121
1277671261
1553111893
5182288251
1277671190
1553068465
3480005786
1552927724
5182288239
3646939594
1621451917
6868062255
7279756980
3646938473
1553111962
2056632337
8633082954
3646938479
1621757784
2056632350
1553111993
1553111890
1619363941
1554751470
7292135230
5182288233
3646932009
1621451972
1619363803
1553068492
1621757827
1550929788
1621757833
8630078339
1550929869
2657136825
2662733315
5182288230
2657136802
1619363953
8288267330
1553112011
1553068463
2662733310
1553068595
7292135228
2657136822
1553068531
1554751681
1621757837
1553068519
7291507077
2657136826
6226273627
1619363739
1553111921
1277671173
1553133824
8652302879
1619363990
1553111896
1621451885
3646939596
3646950079
1621461843
5182288241
2056632349
1621461884
1621757829
1550929843
7292377307
1553111923
3646939605
1553111968
8156986309
1621757894
1552927688
1553034924
2025981920
1621757875
2657136815
1553133832
1553133829
1550929798
2657136832
2025981915
1553035072
3646939593
1553133820
1553112017
1619330812
2056632336
1553111974
1553068588
1619363795
6224223243
1552927708
1553068507
2657136829
2662733307
1550929809
1552927693
3647664899
1553068496
1553111870
3647664898
6868062257
7292135229
1553119565
1553068553
1621757835
1553119526
3646950061
7279762285
3646938474
7292135255
1550929829
1553068516
1550929863
1619330828
3646926880
1621757910
7292135252
5182288240
7303939157
8288267331
3646938462
1553119567
2657136823
1621757810
1554751733
1553111908
1552927709
1621757793
2657136821
1621451951
1553133834
1553111881
1553035069
2657136817
5539086176
1621757895
5182288242
1619363917
1552927696
7285487247
3646950068
3646938437
1553068461
5182288244
2025981913
7285606736
1553035134
3646938475
1553111932
1553068552
3646926889
1553068510
2662733308
7285487248
1984069170
5182288236
7292135258
1552927680
1553068522
7279756984
1621757865
1553133819
7279756981
1551040538
1550929816
1619363736
2662733306
1552927679
1550929865
1552927700
2657136830
2657136805
6868062252
1553068520
2056632343
1621757803
1553133818
1619363808
2657136813
7291461418
1553068483
6868062256
2056632342
3646938492
3647664900
1619330799
7279756967
1550929785
7292135194
1553119552
3646938477
3480028984
7292135232
3646932117
1553111918
1552927695
3646926882
7279762286
1550929856
1550929820
3646938490
2657136827
3646926886
1619363828
5182288232
1553119551
3646938434
3646926883
1277671168
3646938461
8653268002
7292377313
1277671287
1552927692
1619363836
1552927685
2025981914
1550929787
3480005788
3646939620
1550929827
1277671298
1553034991
3646939595
1552927719
1553112028
6199946417
7292135227
1553119560
3480028986
1550929775
1554751714
7292135226
3646903540
1621757927
5182288237
7292135192
1550929876
8653361866
1554751520
1619363811
1550929793
3480005789
3480005790
3480007694
1553068558
6868062254
1621757840
1550929868
5182288235
7291461416
8633082963
3646938464
1552927716
7292377308
7291648520
3646950062
6868062258
3646886611
3646939597
1550929853
1550929808
1553111972
1619330846
1553111936
1621757808
3646938478
3646950069
8653361865
3646932011
1552927711
1553068560
5182288252
7291461427
1619363955
5182288238
2662733314
1619363984
3646926884
3646938433
1554715155
3646938480
1550929783
3646926878
1553111975
1553035241
1619363994
1550929866
7279756982
1621757914
1553068597
1552927707
1553035221
1553068477
2657136831
5182288231
1277671221
1619363748
1277671188
3480028985
2657136824
1619363848
1553068592
1619381034
3646926881
2056632338
1553034956
1621461863
7292135231
1619363806
1553119564
3646938476
2657136804
1552927691
3646926890
1621451920
7292135193
2657136803
1621757805
3646939618
7292377312
7279756983
2662733309
1619363922
3646932123
1553111969
3646938491
3646932008
3647664901
1552927721
3480007726
3480005787
3647664897
3646926879
1552927684
1621757798
7291461417
8201089021
7309054231
1553112032
3646939606
1621776482
1553035144
2657136828
7292135253
3646926885
1621451953
1553035176
1277671259
1984069173
1553111976
3646950081
3646932121
1277671261
1553111893
5182288251
1277671190
1553068465
3480005786
1552927724
5182288239
3646939594
1621451917
6868062255
7279756980
3646938473
1553111962
2056632337
8633082954
3646938479
1621757784
2056632350
1553111993
1553111890
1619363941
1554751470
7292135230
5182288233
3646932009
1621451972
1619363803
1553068492
1621757827
1550929788
1621757833
8630078339
1550929869
2657136825
2662733315
5182288230
2657136802
1619363953
